0000000001001001111100100000011100000011110110101111101111001100000010101100010100001011011110101111001100111010111100100101011011111100100111100000111001110101001010101010011111110001110011110000000111001101000000001011010111110110011101000000001100001111
0000000110011001111011000001011000000110110110111111101101111100000000000000010000010010100101101111110001110010000000110000100111110110011111000001111000010011000001011100011111101001101110110000001000000001000000011001011111111011111001110000011010111010
0000000011001110111101011001100100000100110010111111101011010100111101001011100000001011000101010000110001010110000101000011001100000010110000110000010000110111111001101100111111110010000100101111111111010100000000000101011000010001000101110000001110100010
1111110111110111000000110000100011111001100110111111101001000011000100100100000011111110111110101110110110011000111100111011110011111100101001111111111000001000000111100001000100000100011101100000010110000010000000011000010100000100010111010000100000001110
1111110101011111111111111010101111101011010000011111100001011101111110110011101000000000000011101111111100011101111001100000100111110001010110010000100001111000111110001111011011111111111011100000011001011011000000011100101000000001101101111111110001011001
0000000000111010111111111000000111101101000110111111101000110011111100000100111111111111110100000001001101011001001000000110000111111110000101011111001010010110111000100001100000000001011001000000001101010011000000001011101011111000011111101111100010011100
1111111110110100000011000100111000000010101000101111110111100111000011001000111111110101001100001111001011010001000001110000100000000001100011101111010000000001000011100011000000001101100101100000001101111000000000001000001100000110001011011111111111000010
1111110011011010000100111011000000001010010110111111100010101010111111110011011011101111111010010000010101010010111001011011010000000010000000111111001000001101111110011111010000010010001101010000010001011101000000010000101100000111111000011111001010000000
1111111001110000000010100101110100010001101000111111111000001101111101111000100111110011010111010000110010011000000011110011101011111111011001001110111111001101110111001100111100001010111100100000001011000000000000000001110111110111111001011111111000001101
1111110110011110111101010010010000000101001101010000001101100101000010111100101100001001101001001111010100001111111111011000001100000010110000000000100000111100111010101110000111110000100001001111111001100001000000001000000000000011000011010000001100001111
1111110100111110111011011100100100001010001010100000001111100011000000001000100100010010000101011111110111010111111111011000000111110111111111100001101010011011111110100011011011101001111101011111111001110111000000100010100011110011010001110000010100010011
1111101100100001111101110110100000000111101000010000000001111111111100111101100100001000010110010000101001011010000010110100000000000010101000000000000110100100000011000100110111110100101110100000000000110101000000010111111000010001000001100000000000000100
1111110001010110000001001001001011111001100111010000001001110101000100101100011011111110010101101110111010110100000001001110100011111111101100011111111001110111111110101000010000000010000011011111101101110101000000001111000111101110000110010000010001111100
1111101111001101000000000111010011101010010010110000000101111101111110111001010000000000001110101111111101001010111000010001111011110011111111010000110000011100111111111001000000000101010100101111101011111100000000011010010100001010001010011111101001000101
1111111001001011000000000100110011101010111010100000000101001111111011110100011000000000001110100001000101111011000100011100100111111111100110001111010000101111000100011101001000000001011110101111110110001100000000010100111111111010000011111111011100110000
1111110110110011000010000100101000000001011100010000001001000100000010011011111011110110100110011111010011110100000101110101010111111110001010111111010110100011111111111011010000001011010001111111110010101001000000001100010100010001011111000000000011011001
1111101110100001000100001111011000001001001011001111111101110001000000000000000011110000110100000000010101011001111010110000111000000010000000111111010100101111000000111101011100010011101110011111101111111000000000010101101111111110010001111111011010100010
1111110111111111000001101101000000001111110101000000000111101000111110000110000111110101101000110000100000110100111111111000111011111101100011001111000001001011000010101011011000001000101001101111110110100001000000001000010100000101110010110000000001011010
0000001110100111111101111100111100000100110111110000001010000111000001110010011000000101110100101111100101010110000001000000101100000001101011100000010101111010111001010100011011110111101011001111111111110100111111100100101000010001010011111111101101001001
0000010000101110111100110001100100000111001100000000010001100000000000100000100000001010100111010000000001100100111111110000001111111101010000100000110011100000111111000101011111101111111010011111111110100111111111101010010000001001001001011111111111111110
0000000000101000111110010011100000000101110010000000000111111100111101110110001100000100000101100000010111011000111111000101100100000011011010110000010011001111000010101011011011111001010000110000000000000110111111110100101111100110111100111111110111111000
0000010001010010000001000100011011111100110111010000001001001011000011001011100011111111100001001111010010010001000010101001001011111110101000011111110011001010111001001101001100000011011100001111111011111011111111000111010100000100011101110000000000000000
0000011000010111000000010001000111110010011001010000001010110100111111101000100000000001011101010000000100110010111100100111010011110101100101010000010000100111000000110111111000000011010100001111111010001010111110111000001000010011101101101111111111111100
0000010011101000000000000011011011110001110101100000010000000010111100110110110100000001001111110000101000011100111111010100011000000000011000101111110000001001000101011100011100000001011111001111111101000000111111001000001000001000010010111111111001001010
0000001100000100000001011110001000000000000000010000001001000101000001111100000011111001100000111111011011101111000100111001000011111111001100111111100111101000111100110100011100000110010011111111111110010110111111101111110111110101101010101111111110100101
0000010001111101000010111110100000000011010010010000000111011111000000010101111011110101110100000000010101110001111110111111010000000010101000101111100010000111000001111111011000001010111101001111111100111001111111101001111111110010000111011111110011011101
0000010000001001000001001101101100001001101001010000010000111011111110000000111011111001011100010000010011011100111101100011111011111100001000101111100111001011000110010111110100000110001110001111111101110111111111100000000100000100111000000000000100001110
1111111110100010000000000101101111111111111110000000000000000010111111111110101111111111111011111111111111101011000000000100110100000000000000000000000000000111000000000001001000000000001111010000000000110011111111111011000100000000000001000000000000000111
1111111111101111111111111101101000000000001000010000000000011100111111111110111100000000001011111111111111011111000000000100001000000000000000010000000000001001000000000001000011111111111010000000000000001010111111110100111111111111111111001111111111101101
0000000001100110111111111011111000000000000111001111111111111111111111111110111111111111111110001111111111111100000000000000100000000000000001100000000000000101000000000001011011111111111111101111111111100110000000000011001100000000000010101111111111111110
1111111111101100000000000011110100000000010001101111111111111001111111111110011000000000010111001111111111110000000000000000010011111111111111111111111111111011000000000000101111111111101110101111111111101000111111110100110011111111111111110000000000101111
1111111111010011111111111101111011111111100011110000000000001011111111111110111111111111101011111111111111100000000000000000001000000000000001000000000000001101000000000001010111111111110000000000000000010110000000000101001011111111111110110000000000100010
1111111111111010111111111100100100000000000011000000000000000100111111111111001011111111110111011111111111111101111111111111010000000000000101100000000000001001000000000001011011111111111101000000000000010010000000001110011000000000000001100000000000100111
1111111111101011000000000010101000000000001101011111111111111000111111111111000011111111110001010000000000010101111111111101100000000000000010001111111111101100000000000000010011111111110110011111111111000010000000000000101100000000000001011111111110101110
1111111111100111111111111111010011111111110101111111111111110111111111111111011100000000000110101111111111111101111111111101100000000000000101111111111111110111000000000001000011111111111111001111111111100111000000001010001000000000000001111111111111001001
0000000000011011000000000001000000000000000010010000000000000101111111111111010100000000000010001111111111111010111111111101111100000000000100110000000000001111000000000000110100000000001011100000000000111010111111111000110000000000000011011111111111111000
1111111111110100111111111111011100000000001100011111111111110000000000000000000000000000001010000000000000001010000000000100111100000000000010000000000000010100000000000000000000000000100010001111111111100101111111111011001111111111111100110000000000000101
0000000001101101000000000001010111111111111101011111111111111010000000000000001111111111111110011111111111111010000000000101001100000000000001000000000000001000000000000000110100000000000101111111111111110101111111111011001100000000000000110000000000101011
0000000010110010000000000001110111111111111011011111111111111100000000000000111011111111110010011111111111110001000000000011000000000000001000100000000000001000000000000000110111111111111010101111111111111011111111111110001111111111111111100000000000000000
1111111101110110111111111101110000000000000010001111111111110110000000000000101011111111110110100000000000001010111111111111001000000000000011100000000000011001000000000000011000000000010000100000000001010001111111111001111100000000000000001111111111100100
1111111110101111000000000001111100000000010100111111111111111011111111111111011100000000000000011111111111100111111111111110110011111111111111110000000000001011000000000001010011111111110000101111111111000001111111111111111000000000000000011111111111111101
0000000001101000000000000000110011111111110001111111111111110001000000000000010100000000000001101111111111100111111111111111000100000000000001010000000000001001000000000000101011111111101101011111111111010111000000000100011000000000000000101111111111011010
1111111110110010111111111101001011111111111000011111111111110110000000000001001100000000000011010000000000000100111111111101001100000000000010100000000000001101111111111111101011111111111000100000000001000100111111111110010011111111111110101111111110111111
1111111110011101000000000001000000000000001100101111111111111110000000000000011100000000000011101111111111110110111111111101101011111111111111000000000000000010000000000000101111111111101100000000000001100111000000000100011011111111111101101111111111100110
1111111111101011000000000001100100000000000111011111111111111110000000000000110011111111111100101111111111101101111111111101110111111111111111010000000000001000000000000000010111111111101101001111111111000100000000000101110011111111111101101111111111001101
0000000000000011000000000000101000000000000001001111111111111100111111111111111111111111111110101111111111110010000000000000010011111111111110111111111111110111000000000010011111111111100101101111111111011101000000000001011000000000001000100000000000111111
1111111111010001000000000000101000000000000100010000000000000011111111111111101000000000000000111111111111100111000000000001110011111111110111000000000000010101000000000001001111111111110110111111111111110000000000000001001000000000001011100000000011001011
1111111110110100000000000010100011111111110101100000000000000001111111111111110000000000000101100000000000001011000000000001110000000000000000100000000000011100000000000001001100000000000101110000000000000111000000000011011100000000000111010000000010010000
0000000000100101000000000000101111111111111101111111111111111011111111111111110011111111111100101111111111100001111111111111000111111111111101001111111111110010111111111111110011111111111000010000000000000111111111111111010100000000001100101111111111001011
0000000000000101111111111111010100000000000100011111111111111110111111111111100011111111111110011111111111000101111111111110110011111111110100110000000000000101000000000000100100000000000001101111111111110101111111111111100000000000010010110000000001111111
1111111111110010000000000000111011111111111101000000000000000011111111111111110000000000000110001111111111100001111111111111110011111111110111000000000000001100000000000010101100000000000010000000000000000101111111111110110000000000001100110000000001011110
0000000000011111000000000000001111111111111100101111111111111110111111111111110111111111111011000000000000000101111111111111011000000000000111111111111111110110111111111110011000000000001010010000000000011000111111111110101100000000000110011111111010101100
0000000000001001111111111110110100000000000111010000000000000001111111111111101000000000000010101111111111110110111111111110011111111111111110000000000000000100111111111110100000000000001110001111111111111111111111111110111000000000001010101111111101011100
0000000000011100111111111111001000000000000010000000000000000011111111111111101100000000000011101111111111101111111111111110110011111111111100010000000000001101000000000001001000000000001100010000000000001110111111111100000000000000000101101111111101110110
0000000000001100000000000000000100000000000000110000000000000000111111111111101111111111111101011111111111011001111111111111010011111111100101011111111111110100000000000100110111111111110011011111111111011000000000000001001011111111111111100000000001010110
1111111111010101000000000000000100000000000011101111111111111111111111111111001000000000000100101111111111011001000000000000000111111111011111000000000000010100000000000101101000000000000010011111111111110110111111111111110011111111111101000000000011011001
1111111110111111000000000011101011111111111001111111111111111111111111111111110100000000001000100000000000000100000000000001111011111111110001000000000000100110000000000010011000000000001000110000000000010011000000000011100100000000000010010000000000111101
0000000000101101111111111110110111111111111101010000000000000001000000000000110111111111111011001111111111100011111111111110011011111111100101111111111111101000000000000010101011111111111110110000000000001100111111111110001011111111111101001111111111111100
1111111111101011111111111101111111111111111111000000000000000000000000000000010000000000000000011111111111010101111111111110000111111111011011001111111111110110000000000101111100000000000001000000000000000111111111111111111011111111111000100000000100000010
0000000000000011000000000001111111111111111011010000000000000000000000000000101100000000000101001111111111100100111111111110011011111111100101100000000000000011000000000101111111111111111111100000000000001001000000000001001000000000000000000000000010100101
0000000000011111111111111110111011111111111011011111111111111101000000000000011111111111111001110000000000011010000000000001011111111111110000111111111111111011111111111011101000000000000010110000000000000100111111111111111111111111111110101111111001010010
1111111111101100111111111110101000000000001000100000000000000001000000000000001000000000000010010000000000011110000000000000101111111111100100110000000000000100111111111100010011111111111101111111111111110101000000000000000111111111111011101111111101010000
0000000000101010000000000000011100000000000011000000000000000001000000000000001000000000000010010000000000000001000000000000100111111111101001110000000000010000111111111110010111111111111110000000000000001001111111111101010000000000000000111111111101110000
0000000000000010111111111110100000000000011110110000000000000111111111111111011000000000010001011111111111110010000000000010001111111111111110111111111111111000111111111111100111111110111100001111111110111000000000000000100011111111111110110000000000100001
1111111110011111111111111110110011111111011000110000000000001000000000000000010100000000001001101111111111111101111111111101011111111111111011011111111111011011111111111111111111111111010111110000000001011111111111111010111100000000000000000000000000100000
1111111111010001111111111110000000000000000111110000000000000010111111111111010011111111101101011111111111111101000000000010010111111111111101001111111111111010111111111111101011111111110000100000000001101100000000000001110111111111111111000000000000111111
0000000000110011111111111101111100000000011011100000000000000100000000000001001111111111111101101111111111111111111111111110111111111111111100010000000000011011111111111111101011111111011011101111111101000000111111111100000100000000000001000000000000010010
1111111111110000111111111110011111111111110011000000000000000001111111111111110011111111011011110000000000000101111111111100110111111111111110011111111111111000111111111111000100000000010001110000000000000101111111111110000000000000000001000000000000101110
1111111111000001111111111110000111111111010011101111111111111001000000000000001011111111110111000000000000000001111111111110101111111111111100110000000000000101111111111111111100000000001011100000000010111110000000000101111100000000000000110000000000110000
0000000001000001111111111110010011111111111111011111111111111100000000000000011011111111100111001111111111111100111111111110100011111111111110000000000000011101111111111111111100000000001010001111111101101110111111111101101100000000000000010000000000100100
0000000001001101111111111110011000000000010110001111111111101111000000000000000111111111110101101111111111111011000000000010011111111111111101001111111111101011111111111111000100000000100001101111111110100000000000000100001000000000000001000000000000100001
1111111111010110111111111110001111111111011011111111111111111011000000000000001100000000011000001111111111111111000000000000011111111111111101111111111111110001111111111111111000000000100011000000000001101101000000000001011000000000000000110000000000011000
1111111111111111000000000000010100000000000010111111111111110011111111111110111011111111111111110000000000111010000000000000111011111111111100000000000000010001111111111111001100000000011001100000000000001100111111111110010100000000000010001111111111111111
0000000001001111111111111111101011111111111100001111111111110100111111111110110111111111111101100000000000110001000000000000110111111111111010110000000000000001000000000000110100000000010000111111111111101000111111111101010100000000000011010000000001011101
0000000000010011000000000000111000000000000100000000000000000000111111111110110000000000000001000000000000000101000000000000100111111111111010111111111111110011000000000000010000000000001010000000000000000110000000000000101000000000000001001111111111101000
1111111110101110111111111111101100000000001010100000000000000011000000000000001111111111111110000000000000101000111111111110111111111111111100001111111111101100111111111110110000000000000000100000000000010001111111111110010000000000000000010000000000000001
1111111111101110111111111110010111111111110101000000000000001010000000000000001100000000001011100000000000000100111111111111100011111111111101001111111111110000000000000001100011111111110010101111111111101001000000000010011000000000000001010000000001011111
0000000000111011111111111111111100000000000010000000000000001100000000000000101111111111111101111111111111101011111111111111110111111111111011011111111111101110000000000001110111111111110110011111111111101011000000000011011100000000000010010000000000111001
1111111111111001000000000000011011111111111010010000000000000101000000000000011000000000000011111111111111101001111111111110111111111111111101101111111111101110000000000000010011111111110101001111111111110001000000000011001100000000000000111111111111011101
1111111110011101111111111111010000000000001011000000000000000111000000000000111111111111110100100000000000010110111111111111010011111111111100100000000000000100111111111111101111111111100111100000000000100101000000000001100100000000000010010000000000011011
0000000000010101000000000000101100000000000000001111111111111101111111111111101111111111111111001111111111111110000000000000011011111111111111100000000000010000111111111111110011111111111011011111111111110101111111111101001111111111111111010000000001000001
1111111111000100111111111110100011111111101001111111111111111100111111111111011111111111101010111111111111111001111111110100101000000000000000010000000000010101111111111111100111111111111110010000000000001101000000000110111011111111111111100000000001011000
1111111111001001111111111111001100000000001010111111111111110111000000000001000111111111110000101111111111111010111111110101110100000000000000001111111111000110111111111111100011111111110000011111111111100010000000000011001000000000000000100000000000001101
1111111110111000111111111111010000000000001001010000000000000011111111111111111100000000000101101111111111110111111111110110111100000000000000011111111111001000000000000000000011111111111101001111111111111110000000000000111011111111111111010000000000011100
0000000000011101111111111110001011111111001001101111111111110111111111111111010111111111101110011111111111111110000000000001001111111111111011101111111111111100111111111111101011111111111110110000000000111000000000000100010011111111111111000000000001000001
1111111111100111111111111111000011111111110000000000000000000000111111111111110100000000000001111111111111111000000000000000101111111111111100111111111111110111111111111111010011111111110001101111111110100101111111111111100111111111111111000000000000011010
1111111110101011111111111111101111111111110110100000000000001110000000000000010000000000001100011111111111110011111111111111011011111111111110000000000000000011111111111111101000000000000011001111111110110100111111111001010111111111111111010000000000011001
0000000000110100111111111101101111111111110100101111111111111010000000000000100100000000001111010000000000000010000000000110011111111111111011001111111111110100111111111111110100000000000000001111111111101101000000000000001011111111111110100000000000111011
0000000000100001111111111110100111111111101010100000000000000011000000000001010100000000000010111111111111110010000000000111101011111111111011111111111111100111111111111111011111111111111101111111111111000111111111111100101011111111111110110000000000001111
0000000000000110111111111110111111111111110010010000000000001001000000000000110011111111101001101111111111110001000000000100110111111111111110111111111111101011111111111111101111111111111111011111111111001000111111110111001111111111111101100000000000101011
1111111111111100000000000100001011111111110011000000000000000101111111111101010011111111101100000000000000001011111111111111010011111111111011110000000000001101111111111111010000000000111100000000000001010101000000000001011000000000000010100000000000000000
0000000010101001111111111111010000000000001010100000000000000110111111111101111000000000000110011111111111101011111111111110101011111111111010101111111111110100111111111110100000000000101100111111111110111010111111111100010011111111111101111111111111100011
0000000010110010111111111000100100000000000011011111111111111011111111111110010100000000010011001111111111111010111111111110001100000000000001111111111111111100000000000000000000000000010010001111111110110000111111111010000100000000000001011111111111101110
1111111110001001000000000101000000000000010000110000000000000010111111111100111000000000001111010000000000000001000000000100000111111111111111100000000000000000111111111111000100000000000010000000000000111101111111111100100011111111111110110000000000110110
1111111110101010000000000010110011111111011000010000000000001100111111111100110100000000001100111111111111011000000000000010110011111111111100011111111111111000111111111101101111111111011111000000000000001011111111110110001111111111111000000000000000000010
0000000001111001111111111000011000000000001010110000000000001001111111111101110011111111110011101111111111101010000000000100000100000000000010010000000000000011111111111111011011111111011111111111111110101011000000000101101111111111111101100000000000011111
1111111110000011000000000100101000000000010010010000000000000011111111111101001111111111111100010000000000010000111111111101100000000000000100000000000000001011000000000000010011111111101111101111111111100011111111111010010100000000000001010000000000010111
1111111101110110000000000001000011111111111100001111111111111101111111111101010111111111101001101111111111111011111111111100111000000000000010011111111111111111111111111111101111111111101011110000000001011110000000000101001111111111111101001111111111100010
1111111111010111111111111010000011111111111011010000000000000010111111111101110111111111111100111111111111111110111111111110001000000000000100000000000000000110000000000000001011111111110001000000000001000110000000001110000100000000000001101111111111101001
1111111111111011111111111100111100000000000111011111111111111101111111111110100111111111111101010000000000000011111111111100100111111111111110011111111111010101000000000000001100000000010011001111111111110001111111111111010000000000000000001111111111111000
0000000001110011111111111101101111111111110110100000000000000100111111111111000011111111111010000000000000001000111111111111011000000000000000101111111111000110000000000000011011111111111000101111111110100111111111111111001100000000000001011111111111111111
0000000000110001000000000000010111111111110101001111111111111000111111111111100011111111110011110000000000000111111111111101110100000000000100101111111111001000000000000000010111111111111100110000000000000000111111111111000100000000000000110000000000000110
1111111110101101111111111100010100000000011011111111111111111111111111111111110011111111110000100000000000000001111111111101101000000000000011011111111111010001000000000000010111111111110011010000000000000100111111111111111100000000000000101111111111011110
1111111110101100111111111011101011111111110110111111111111111101111111111110111111111111101010001111111111111110000000000001001000000000000010101111111111011100000000000000100011111111011000110000000001001011111111111001100000000000000000101111111111110111
0000000000101010111111111110011000000000010101100000000000000110111111111111110111111111110000110000000000000100000000000001100011111111111111011111111111001000111111111111111111111111111101101111111110110000111111111100101100000000000000101111111111110100
0000000000011111000000000001101011111111101001101111111111111101000000000000001011111111111011100000000000000000111111111111100100000000000000001111111111110011111111111111100111111111111001101111111111100001111111111111010100000000000000101111111111100100
1111111110100001111111111111010000000000001000001111111111110001000000000000000111111111110010100000000000000111000000000001100011111111111101011111111111010010111111111111111011111111110000100000000000100100111111111011111100000000000001010000000000011101
1111111111011101111111111111100100000000000100111111111111111000111111111111110100000000000110000000000000000001000000000000100011111111111111011111111111010100000000000000001100000000001010110000000000011111000000000011100011111111111111110000000000000111
1111111110101001000000000001111000000000001100110000000000001101000000000000011011111111110110000000000000000000111111111110111100000000000010011111111110101100000000000000000100000000010100010000000000101100000000000001101100000000000000001111111111001010
1111111111111111000000000001101011111111001110010000000000001010111111111111100111111111011000010000000000000010111111111011000111111111111111101111111110110111000000000000000100000000011010000000000000001010111111111101001000000000000000000000000000011011
0000000000010100000000000010000100000000000111000000000000001111111111111111110111111111111101111111111111111110111111111110100111111111111111101111111110100000000000000000000100000000000001000000000000100000000000000001010011111111111111011111111111111110
1111111110100100111111111100111111111111110111000000000000001000000000000001010011111111111010101111111111111100111111111111100111111111111111101111111110110001111111111111110011111111111000111111111101001000000000000000000111111111111111011111111110010110
1111111111000111111111111101001100000000010010110000000000000111111111111111111000000000111000110000000000000010111111111111000000000000000001101111111111000011000000000000001011111111011010110000000000110111000000000101011011111111111111010000000000011101
0000000000010111111111111111110111111111111010010000000000010010000000000000010000000000010001000000000000000010000000000000111111111111111111001111111110100010111111111111110111111111111000101111111111111110111111111010001100000000000000100000000000001100
1111111111100001000000000000010011111111111000001111111111111100000000000001000000000000001000110000000000000011000000000001000011111111111110011111111111001101111111111111110111111111111010111111111110110110111111111100010011111111111111001111111111000000
1111111101110100111111111111100100000000011010100000000000000010000000000000110111111111011111111111111111111001111111111111110100000000000010011111111111010011111111111111111111111111100100001111111101111110111111111100100000000000000000000000000000001101
0000000000000001000000000001100111111111100110011111111111111111000000000000011111111111111101100000000000000001000000000001100011111111111111011111111111100000111111111111111100000000000010101111111111010100111111111101001100000000000000010000000000000011
0000000000001110000000000010011100000000100010110000000000000011111111111111110100000000001100100000000000000110000000001111100000000000000000110000000000011010000000000000010011111111111111101111111111011000111111111011011000000000000001001111111111000000
0000000000100110000000000000011111111111010101110000000000100000111111111111100100000000010101000000000000001101000000010000100011111111111111110000000000001100000000000000011100000000001000100000000000000101111111111001101000000000000000111111111111110000
0000000001010011000000000001100000000000000011000000000000001011111111111111111011111111111101100000000000001000000000001011110111111111111111000000000000101111111111111111101100000000000011000000000000111010111111111111101000000000000000011111111110111001
1111111110011100000000000001111000000000100011100000000000001111000000000001100000000000011110100000000000000101111111111111010100000000000011011111111111101011000000000000001100000000000101111111111110100110111111110111111100000000000001111111111111010000
1111111111011110111111111111101111111111110001001111111111111111000000000000011011111110101001110000000000001101111111111010110000000000000100000000000000000000000000000000011000000000010001000000000001010101111111111001111100000000000001001111111111110110
0000000001110101000000000001000011111111110001000000000000001001000000000001101111111111111101110000000000001011111111111110111100000000000000010000000000000000000000000000001011111111110010110000000000000111000000010000001100000000000000111111111111100010
1111111110111111000000000001111111111111110010000000000000000111111111111111110011111111101011010000000000000010111111110110100100000000000010010000000000010111000000000000000011111111111000011111111111111100000000000001000100000000000001001111111111111000
1111111110111000000000000001011000000000101111001111111111111110111111111111010000000000010010000000000000000101111111110110000100000000000010110000000000010010000000000000010011111111111101001111111110011010000000000100111000000000000001001111111111101011
1111111111010100000000000001111011111111100100100000000000000011111111111111011000000000000010000000000000001010111111110111010100000000000000010000000000010001111111111111111011111111110011110000000000010110000000000110011100000000000000101111111111010011
1111111111110010111111110101110011111111110000100000000000011001111111111111101100000000001011101111111111111111111111111101010000000000000001101111111110110100111111111111111100000000000110010000000000001100111111111111010011111111111111111111111110101100
0000000001111100111111110101100100000000000100110000000000010110000000000000101000000000011010011111111111111111111111111011010000000000000000001111111110101011000000000000010111111111110100101111111110000110111111110111010000000000000000110000000000011111
0000000000101110000000000001001011111111111111001111111111111001111111111111101100000000000110100000000000000000000000000001101000000000000000011111111110001101000000000000000011111111110100011111111111011001000000000000010011111111111111111111111111101110
1111111110000011111111101011101111111111111001010000000000010010000000000000011011111111101001101111111111111101000000000000110100000000000000011111111110100010111111111111110111111111111011100000000000011000111111111100010000000000000001001111111110001111
1111111101110101111111101000010000000000100010100000000000011101000000000000000011111110100101110000000000000001111111111110000100000000000010011111111111000111000000000000000011111111101010001111111110101101111111110100100000000000000000000000000000010101
0000000000011111111111111110001011111111101011111111111111111101000000000000011111111111011011011111111111111110111111111110110111111111111110001111111110100000111111111111100100000000000001101111111100111111000000000011111111111111111111100000000000001000
1111111111110110111111111100001100000000001010100000000000000100000000000000010111111111101110100000000000000001000000000001110111111111111110111111111110111110111111111111110111111111110111111111111111010000000000000000001111111111111111011111111111001001
1111111110000101111111110110101111111111010000000000000000001110000000000000101000000000000111010000000000000000111111111111110111111111111111011111111110111100111111111111111111111111100110010000000010000001000000001101011000000000000000000000000000100100
0000000000000101000000000000011000000000010000010000000000000110000000000000100100000000010000110000000000000100000000000000100111111111111110011111111110111101111111111111111000000000001001100000000000010110000000000001001011111111111111101111111111111000
0000000000000111111111111110001000000000000111011111111111110111111111111111010011111111111110100000000000100111000000000001010111111111111011100000000000010100111111111010111011111111101011111111111111100101000000000000111100000000000010111111111110110111
0000000000001111000000000000101011111111111011011111111111111000111111111111011111111111111110010000000000101100000000000000111111111111111111100000000000001110111111110110111011111111101011101111111111110110111111111111110011111111111100101111111111010100
1111111110100001000000000000111111111111111100001111111111111001000000000000000111111111111111100000000000001001000000000000100011111111111100111111111111110010111111111111100111111111111001010000000001001001000000000000101100000000000010111111111101111111
1111111111110100111111111101011000000000000101001111111111111001111111111111110000000000000000110000000000110000111111111110011011111111111000100000000000001001111111111101010100000000000101011111111111110111000000000000001011111111111110011111111110111001
0000000000010111000000000001001000000000000010001111111111111001111111111111011011111111111010100000000000110010111111111110001011111111111101110000000000001100111111110101001000000000000001001111111111001000111111111111100111111111110110111111111110111100
0000000000001010000000000001010011111111111011101111111111110110000000000000001111111111111100110000000000101000111111111111000000000000000000111111111111111000111111111011101000000000001100111111111111101101000000000001110111111111111100111111111101011101
0000000000010101111111111110000011111111110110000000000000001011111111111111110000000000000001001111111111111101111111111111011011111111110111011111111111110111000000000101001000000000000100100000000000110101000000000001110100000000000011000000000010110001
0000000000100000000000000001010011111111111111110000000000010001111111111111101000000000000110001111111111111011000000000000011011111111111100010000000000000010000000000011100100000000000011010000000000011001111111111111100111111111111101100000000001111101
1111111111101001000000000001101100000000000001110000000000001010111111111111111000000000000111010000000000011100000000000000010111111111111111101111111111110110000000000010001000000000010011001111111111011001111111111100000000000000000010000000000000011011
0000000000011110000000000001010111111111110001111111111111111101111111111111101111111111110001100000000000000000000000000001011100000000000010000000000000010110000000000000010000000000010000001111111110111011111111111101111011111111111111111111111111111101
1111111111110101000000000000010011111111111000010000000000001000000000000000001000000000000000010000000000000100000000000011110000000000000000011111111111110011000000000000011000000000001011101111111111011001000000000000011000000000000000100000000000000010
0000000001010101000000000010100100000000000001001111111111111001111111111111100100000000010010001111111111111110111111111111010100000000000001010000000000001010111111111111111100000000000100110000000000100011000000000010010100000000000000001111111111100010
1111111111011001000000000010010111111111110000001111111111110011111111111111111000000000100001000000000000000100000000000001100000000000000001100000000000000101000000000000010111111111111001100000000000111011111111111110001100000000000000011111111111111000
1111111111101000000000000000000011111111011001000000000000000110111111111111011011111111110101110000000000000111000000000000010100000000000011100000000000001001000000000000110011111111110000001111111110101011111111111001111111111111111111010000000000000100
0000000001001101000000000001101000000000000101101111111111111011000000000000001011111111110001001111111111111110111111111111010000000000000010011111111111110010000000000000010011111111101001111111111111011001000000000001100000000000000001001111111111110000
0000000000010001000000000001111011111111110101101111111111111110111111111111110111111111110001010000000000000001111111110111111000000000000010101111111111111100000000000000000111111111110110101111111110011011111111111111000111111111111111101111111111110111
0000000000001011000000000000111111111111110001010000000000001001111111111111101111111111111111110000000000000101111111111010110100000000000001101111111111101101000000000000001011111111111001111111111110100110000000000000001000000000000000110000000000000010
0000000000000001000000000001111111111111111000001111111111111110111111111111111000000000001110100000000000000000111111111000011100000000000000110000000000111000111111111111111011111111110011000000000000101001111111111111101100000000000000001111111111101001
0000000000110101000000000001001011111111011000100000000000000100000000000000001100000000000010100000000000000111111111111111011100000000000001100000000000010000000000000000011100000000111101010000000000101001000000000001101100000000000000111111111111100000
0000000001001110111111111111111000000000111100001111111111111001000000000001100111111111011001010000000000000111111111111110110100000000000011100000000000011000000000000000011000000000101111001111111101010000000000000001010000000000000000101111111111001010
0000000000111100000000000010100111111111101011001111111111110110000000000001111100000000001111010000000000000101111111111111101100000000000010100000000000100101000000000000001000000000100100011111111111010101111111111011001100000000000001001111111110110101
1111111111000110000000000001111011111111100101000000000000000101111111111111101011111111110011110000000000000011111111111110100000000000000100111111111111101011000000000000101000000000100111000000000101010000000000000000100011111111111111011111111111101101
1111111110110100111111111110100000000000001011010000000000100111111111111111010100000000101101101111111111111101111111111111101100000000000001010000000000001011000000000000010111111111110100111111111101110100000000000101011111111111111111001111111111110110
0000000010000111000000000010001000000000010100110000000000001111111111111111111100000000001001000000000000000111111111111100011100000000000001111111111111110010000000000000001111111111101000111111111100101011111111110111000000000000000000001111111111001001
1111111111000110000000000011000000000000001001001111111111111110111111111111110000000000100010000000000000000111111111111110001100000000000010000000000000001011000000000000010011111111110010100000000001100000000000000000110100000000000000011111111111111000
1111111111001110000000000000101011111111001000100000000000010110111111111111010011111111101110000000000000000000111111111111100000000000000010001111111111111011000000000000101011111111101001010000000011000000111111110111111011111111111110111111111111100110
1111111111101000000000000001001100000000110001010000000000001001111111111111100011111111110111000000000000000101111111111101010000000000000001100000000000011100000000000000010111111111011101001111111110101100000000000001010100000000000000001111111111010101
1111111111111000000000000001000000000000000101101111111111111000000000000000001100000000000100010000000000011010000000000001111111111111110101110000000000010010000000000000110000000000000110101111111111110011000000000000101111111111110110010000000000100000
0000000001001000111111111111100011111111111010111111111111111000000000000000000000000000000001110000000000100010000000000000110011111111111111000000000000001101000000000010001111111111111111111111111111101000111111111011111011111111101011100000000000110110
0000000000101101111111111110100100000000000100001111111111110111000000000000100111111111111111111111111111111111000000000001111011111111111100011111111111110110000000000010100011111111111110011111111111111101111111111111000111111111110111011111111111111001
1111111110111100000000000000010100000000000100011111111111111110000000000000010100000000000010100000000000100010111111111111100111111111111000010000000000001111000000000010000100000000001001100000000000011110111111111101011111111111101101110000000000011000
1111111111011010111111111111011100000000000001001111111111111110111111111111110111111111111111010000000000100111111111111111001111111111111101110000000000010010000000000010000011111111110110001111111111110010111111111100101111111111011110000000000000110010
0000000001010010111111111111100111111111111001011111111111111010000000000000100011111111111100110000000000011001111111111111110011111111111101111111111111111001000000000000101011111111111100101111111111100011000000000100110011111111110001101111111111110111
1111111111110010000000000001001111111111110101010000000000001001000000000000001000000000000101001111111111110010111111111110011111111111110100101111111111111111000000000000011011111111111111010000000000001000000000000000001011111111111010110000000001100111
1111111111001001000000000000110100000000001100100000000000001001111111111111111111111111111110011111111111110101111111111110101111111111111011010000000000000101000000000001110011111111111000100000000000110001000000000010011011111111110001010000000001001110
1111111111011111000000000001000111111111111100000000000000000101000000000000000000000000000001111111111111111011111111111111011011111111111100001111111111101110000000000000011100000000000101011111111111110010000000000001001111111111111111100000000000100110
1111111111010110111111111110000011111111111000001111111111110111111111111110000111111111111100011111111111010000111111111100100000000000000111110000000000100011111111111110011100000000000110100000000000110100000000000010100000000000000000010000000000011011
1111111111111001111111111011000011111111111000010000000000010100111111111110000000000000000000100000000000101110000000000100111111111111110110000000000000100100111111111011011100000000001011100000000000101001111111111111001011111111101110100000000001001111
0000000000111011000000001000010111111111111001110000000000000011000000000001111111111111111110100000000000101011111111111110110111111111111001000000000000001000111111111100011111111111111010100000000000010011111111111111001100000000000100000000000000111000
0000000000001001111111111110111000000000000101111111111111101100000000000101110111111111111110011111111110111011111111111110010100000000001000010000000000000110000000000100100000000000010101111111111111100110000000000011111111111111111111011111111111010111
0000000001010101111111111010010100000000000101010000000000001111111111111100101000000000001001011111111111110010000000000101111111111111110001110000000000001010000000000010101100000000011000011111111111100010111111111110101111111111110110001111111111011000
0000000000111111000000001000111011111111111111111111111111110100111111111001100100000000000110000000000000101101111111111111010011111111110101010000000000000010111111111111000111111111110100101111111111110011111111111110011100000000000100101111111111100110
0000000000100001111111111111010011111111111100101111111111101111000000000001010100000000000100110000000000000100000000000010110000000000001110011111111111111000000000000001001011111111111110001111111111001000000000000001011100000000000000111111111111011101
0000000000101110111111111001111000000000000000110000000000010101000000000010101100000000000101001111111111100000111111111011100111111111111101101111111111111111000000000010011011111111110011001111111111010111111111111110110111111111111101011111111111111111
1111111111000101000000000101111000000000001000111111111111111010000000000000101111111111111010000000000000011001111111111111001111111111111110100000000000010011000000000000110111111111101011110000000000000101000000000000010000000000001001101111111111110010
1111111111100100111111111111110100000000000010001111111111111010000000000010000100000000010011000000000000011000111111111111011000000000001010111111111111101100000000000010000111111111111010101111111111001101111111111100101111111111111111101111111111101000
0000000000001000111111111111100000000000000001011111111111101100111111111101010000000000001011100000000000000110000000000001100111111111111011011111111111110011000000000001101011111111111001011111111110111010111111111110001011111111111110011111111111111000
0000000000100001000000000011111011111111111101101111111111101111111111111011010111111111111011110000000000000011000000000010101111111111111011101111111111101111000000000001101011111111111101011111111111001111111111111110100100000000001010101111111111111011
1111111111110000111111111110001011111111110110000000000000011110000000000000001100000000001001010000000000011011000000000001001100000000001000001111111111110000000000000001001111111111111000111111111111110001000000000010100111111111111011111111111111110011
0000000000000011111111111110010111111111110110010000000000010011000000000101010100000000000010110000000000010001111111111111100011111111110100011111111111110000000000000000010011111111111010100000000000000001000000000011010011111111110110001111111111101100
0000000001001000000000000010010111111111110011100000000000010000000000000000101011111111101111111111111111000101000000000010001111111111110110111111111111101101111111111111110111111111111101110000000000010000000000000000001100000000000011001111111111100010
0000000000110011111111111110101100000000000110010000000000000110111111111110100100000000000000000000000001000000000000000000110000000000001000010000000000000111000000000000011000000000000101000000000000011010000000000010011011111111110011000000000000111111
0000000001001110111111111111000100000000000100001111111111111101111111111111101011111111111011000000000000011110111111111110110111111111110111010000000000010000111111111110010100000000000110010000000000100001000000000001100011111111110001110000000001000001
0000000001110100000000000010100100000000000000101111111111110000000000000010010011111111110010111111111111010111111111111110010011111111111000100000000000010010111111111100110100000000000001100000000000101111111111111111110000000000000000000000000001000111
1111111110111001000000000001011000000000000101010000000000000110111111111111011100000000000100010000000000011111000000000000011011111111111101010000000000100001000000000000100000000000000011010000000000000111000000000000100011111111111111110000000000001011
1111111110010000000000000000001100000000000111010000000000000000000000000001001000000000000101010000000000001010111111111110100000000000000010100000000000100010000000000000101111111111111101110000000000001001000000000001000111111111111100110000000000000000
1111111111100101111111111110101100000000001100000000000000000000111111111111100100000000000100001111111111100101000000000000001100000000000110110000000000110010000000000000001000000000000011010000000000001110000000000001000000000000000101100000000000001000
1111111110011100000000000001011111111111111110011111111111110101111111111111011111111111111111000000000000011010000000000000100111111111111010100000000000010010000000000000010011111111111001101111111111111111111111111101001100000000000010001111111111011110
1111111111101010000000000000010011111111111110001111111111110001000000000000011111111111111100100000000000010010111111111110101111111111111111100000000000010000111111111110111111111111110101001111111111111000111111111110010011111111111101001111111111011000
0000000001010111111111111110110000000000000000111111111111110010000000000001001111111111111111101111111111111101000000000001000000000000000010110000000000010010111111111110100000000000000001011111111111111011000000000000001000000000000110101111111111101100
0000000000001101000000000000100111111111111001010000000000001110111111111101110011111111111011111111111111111100000000000001100011111111111001110000000000010101000000000000000111111111111110011111111111111110111111111101111100000000000001100000000000010010
0000000001100110000000000000000111111111111010100000000000001101111111111111001111111111111011110000000000000001000000000000011011111111111101100000000000001011111111111111110111111111111111111111111111111011111111111110110111111111111011010000000000011010
0000000010010101111111111110011011111111111101010000000000010100000000000001011111111111111101011111111111111110000000000001001000000000000000100000000000001111000000000000000000000000001011100000000000000001000000000000001100000000000011010000000000011000
1111111101001100000000000000110111111111111110010000000000000111000000000001010000000000001010110000000000100011111111111111101011111111111100011111111110000100000000000010000111111111111110001111111111110010111111111111101011111111111011101111111111101110
1111111101100001000000000000011100000000000000111111111111111110000000000001001100000000000100000000000000011100111111111111001000000000000010011111111110010011000000000000110011111111111001011111111111110101000000000001011000000000000010001111111111111001
1111111111110010111111111110111000000000000110100000000000001111111111111110111100000000000111011111111111100010000000000001010000000000000010101111111110101110000000000000111000000000000100001111111111101110000000000000110100000000000010001111111111110100
1111111110000001000000000000110000000000000001101111111111111101111111111111100100000000000010000000000000000010111111111111011011111111111101011111111101110000000000000000100111111111110000101111111111111110111111111100011111111111111101001111111111101101
0000000000101000000000000001000011111111111111001111111111110000000000000001001111111111111001000000000000000011111111111111111000000000000001101111111101101110111111111110110011111111110001111111111111101110000000000000000000000000000000001111111111101110
0000000001111101111111111110101000000000000100110000000000000010000000000000110100000000000001101111111111101101111111111111110000000000000000101111111101111011111111111110001000000000000110011111111111110110000000000000000000000000000101101111111111110110
1111111111111011111111111111010111111111111101001111111111111110111111111101001111111111111111101111111111111011000000000001000111111111111110011111111110100011111111111110011000000000000000000000000000011110111111111101111100000000000001010000000000011010
0000000001011110000000000001000111111111111000111111111111111001111111111110101111111111111001010000000000000010111111111111110100000000000000101111111110010010000000000000001000000000000110110000000000010010111111111111100000000000000011100000000000100010
0000000001011011111111111111010000000000000000100000000000001101000000000000110011111111111001111111111111111101000000000000000111111111111111101111111110100000000000000000101000000000010100100000000000101001111111111111110100000000000111010000000000100010
1111111111111010111111111111101111111111111101111111111111110000000000000000111100000000000001011111111111001110111111111110110011111111110111101111111111111110000000000101011100000000000110101111111111101000000000000001110000000000001100100000000001000001
0000000000001110000000000001111111111111110101111111111111111010111111111001101100000000001111011111111110010111000000001000101100000000000001010000000000001000000000000011111000000000000000101111111110111101000000000000111100000000000111000000000001110100
1111111111110011111111111100000011111111110111011111111111011101111111111101010111111111111000001111111111110100111111111000010000000000000111001111111111111101000000000010100100000000000010011111111111011001000000000000101000000000000110100000000001100110
0000000000000011000000000000110111111111111011111111111111110111000000000011100000000000010010111111111111111010000000000101010111111111110100000000000000010011000000000000010000000000000010001111111111111110111111110100100100000000001111011111111110000100
1111111111001011000000000010001111111111110001101111111111111011000000000010011100000000000100011111111110010011111111111010011111111111111100110000000000011000111111111101010011111111110111101111111111101110111111110111010100000000000011111111111101100100
0000000000000101111111111000011011111111110111011111111111011101111111111000001011111111111100001111111110110000111111110101000000000000000101010000000000001110000000000010011011111111111011011111111111101000000000000001111000000000001000001111111101011010
1111111111110111000000000000001111111111110101011111111111100001111111111110010100000000000001110000000000001110000000001000110011111111111101111111111111110011111111111110101011111111111101101111111111110110111111111110110100000000001110000000000001010000
0000000000000101111111111011101111111111101110110000000000001110000000000001111000000000000110001111111110110101111111110111001000000000000010111111111111100000000000000010000111111111111100111111111110111001111111111111100111111111111101110000000001000000
1111111111101010111111111110111011111111110000111111111111100100000000000001100011111111110011001111111111001101111111111101111111111111111100011111111111111001000000000010100111111111111001111111111111001000000000000000111100000000000101100000000000111001
0000000001011010111111111101011100000000000000001111111111110010000000000000101000000000000101101111111111110000111111111110110000000000001111000000000000001011000000000000010011111111111111010000000000000011111111111101100000000000000011100000000000000011
0000000000000110000000000001110000000000000000111111111111111001000000000000100011111111111110001111111111011010111111111111101011111111111010011111111111111001111111111111111100000000000001111111111111110111111111111110100000000000000110111111111111111100
1111111110110001000000000010001000000000000000100000000000010000000000000000000000000000000011100000000000001110000000000001110011111111110110011111111111101001000000000000100000000000000000000000000000000100111111111111010100000000000000101111111111111110
1111111110111101111111111101111011111111110000011111111111110001111111111111111011111111110111110000000000001001111111111110001000000000001100010000000000010000111111111110000100000000000101101111111111110110000000000100011100000000000001011111111111111110
1111111011001111111111111111010011111111101100101111111111101111111111111100111111111111110100011111111111000110000000000011001111111111111010001111111111110010111111111100011000000000000001100000000000000000000000000001000000000000000101100000000000000010
0000000000001111000000000001000111111111101100110000000000011100111111111111101000000000000110011111111111101011000000000000001111111111110100010000000000001011111111111110100011111111111100000000000000001010111111111111011100000000000011000000000000001100
1111111111101001111111111101101000000000000111101111111111101101000000000000001011111111111100100000000000011111000000000001100000000000001110000000000000000110000000000001011011111111111110100000000000010010000000000000100011111111111101010000000000010000
0000000001010011111111111111101000000000000011101111111111101111000000000001000100000000000111011111111111110101000000000000011111111111111110001111111111010111000000000001101011111111111101010000000000001011000000000000110100000000000110101111111111111010
0000000001100010000000000001100000000000000010010000000000011000111111111111011000000000001000001111111111111101111111111101100011111111110110111111111111010110000000000001000111111111111110000000000000001101111111111110111000000000000110010000000000001011
0000000000010101111111111111110011111111111101001111111111101100111111111111000100000000000100111111111111110001000000000000001000000000000010111111111111110010111111111101111111111111111110000000000000111001111111111111111100000000001001001111111110101011
0000000000010111111111111101011011111111111011011111111111110001000000000010001011111111110101110000000000010010111111110110011111111111111101010000000000000001111111111100011111111111111110010000000000011011111111111110101000000000000001101111111110001100
1111111111111001111111111001010000000000000010010000000000101110000000000011001011111111110011111111111111111001000000000110010100000000000001011111111111101101000000000000000100000000000010100000000001000000111111111111110000000000000011001111111110110000
1111111111101100000000000100000111111111110011111111111111111000111111111001011011111111110100011111111111100110111111111010111000000000000110100000000000001010111111111110001011111111111000011111111111101100111111111111101111111111111000000000000001001001
1111111111010011111111111011101011111111110010011111111111011111111111111010010111111111101100111111111111101111111111110101011011111111111100000000000000010010111111111100111111111111111101111111111110101110111111111110000011111111111100111111111111111100
0000000000001010111111110110110111111111111000000000000000100101111111111110111111111111111011011111111111010011000000000100111100000000001000111111111111111110000000000010000111111111111110110000000000001111111111111101110100000000000000010000000000101000
1111111111111111000000000100010011111111111000011111111111110000000000000100111011111111101110111111111111110001111111111110100011111111111110101111111111111110000000000000101011111111111100000000000000011110111111111110010111111111110100111111111111010000
0000000000010000111111111101111011111111110001101111111111010010111111111000110111111111111001100000000000000011000000000010000111111111111011110000000000011101111111110111010000000000000110010000000000110111111111111011100111111111110110101111111110010100
0000000000001010111111110100001011111111110011010000000000010111111111111011110111111111111111011111111111110011111111111110101100000000001000100000000000001110111111111111010011111111111101010000000000101110111111111110111011111111111000001111111111101111
1111111110111010000000000001110111111111111101001111111110111001111111111110101111111111101000101111111111000010111111111101110100000000011000110000000000010101111111111000101111111111111010100000000001100000111111111111010111111111111100100000000001001101
1111111111100001111111111001100111111111111000100000000000000011000000000000110011111111110000110000000001001111111111111101100011111111111010010000000000000101111111110110101100000000000101000000000001011010111111111110111111111111111110100000000001000110
0000000000000010000000000110110011111111111100111111111111111110000000000011010000000000000010000000000001011111000000000101000111111111101010110000000000000110111111111000100100000000000010110000000001000100111111111110101000000000000111110000000000111100
1111111111101010000000000010001111111111111101001111111111001000000000000100001011111111101010111111111101110100111111111011100100000000011111001111111111110100000000000010101100000000000111010000000000011001000000000001010111111111110111010000000000010110
0000000000110011111111110110101111111111111010000000000000010101111111110110011100000000001000000000000000100001000000000011100011111111111001101111111111100000000000000010010000000000010011100000000000011110111111111111100011111111111001010000000000110100
0000000001000010000000000110100111111111111001110000000000100001111111111010010100000000001001010000000001111010111111111101111011111111101100001111111111011101111111111101111100000000000101011111111111111011111111111110011100000000000101000000000000011111
0000000000001111000000000010001100000000000010111111111111011111000000000001111011111111111001101111111110111011000000000001110100000000011011110000000000000001000000000101011100000000000110011111111110011101000000000001000011111111111101101111111110100000
0000000001011001111111110110000100000000000100110000000000100111000000000111011100000000001100011111111110111000000000000011000111111111111010101111111111110100000000000111000000000000000100101111111110011110000000000000100011111111111110101111111110011000
0000000000010110000000000100111000000000000101000000000000110101000000000000101100000000001010100000000000100001111111111101110111111111101011011111111111110010000000000110100111111111101110111111111110001011111111111101011100000000000111001111111110010101
0000000000001011111111111111110011111111111100100000000000001000111111111111011011111111111010011111111111001100000000000001000000000000010011000000000000000000000000000000111011111111111011100000000000000100111111111100000000000000000010010000000000000101
0000000000001000111111111100111011111111111110101111111111000111111111111111000111111111101101111111111111100101000000000001101011111111111010110000000000001101111111111111111011111111111101100000000000010100111111111101010100000000001000110000000000001011
0000000000000110111111111111100111111111110111111111111111100101111111111110011011111111111110100000000000000100111111111110000011111111110101000000000000001000000000000010011100000000000000010000000000001110111111111111111100000000000100000000000000000001
0000000000001000000000000000010111111111100011000000000000010000000000000100110111111111100110010000000000000001111111111010101100000000010101101111111111110111000000000000100111111111111011100000000000000101000000000001001000000000000011001111111111001111
0000000000000011111111111100101011111111010101101111111111010100000000000001101111111111011011001111111110010101000000000001101111111111110111010000000000001000000000000000010100000000000100111111111111101100000000000100011000000000000010001111111111000111
1111111111111010000000000001110111111111011011001111111111111000111111111111000111111111111100011111111111010110111111111001101011111111110011001111111111111111111111111110100011111111111110011111111111100110111111111111111000000000000001101111111111111000
1111111111111011111111111110110000000000000110110000000000000000111111111010110111111111111001000000000000011001000000000000001000000000000110001111111111101110000000000001000111111111111110100000000000001101000000000000010000000000000110010000000000011001
0000000000000010111111111100101100000000000110011111111111000100000000000000011100000000000100011111111111111001111111111111100111111111110111110000000000000000000000000001110011111111111100000000000000001100111111111110000100000000001000011111111111111110
0000000000010100000000000000111000000000000111011111111111110101000000000010001100000000000100011111111111100110000000000101001111111111110001001111111111110000000000000000010011111111111001010000000000011010111111111101001100000000000011100000000000010001
1111111111111111111111111110000000000000000010011111111111110001111111111010100100000000001000101111111111111001000000000010111100000000001010110000000000010010000000000000101111111111111010110000000000010010111111111101101100000000001100000000000000011100
0000000000000000111111111110010111111111111111011111111101100001111111111010010011111111011000011111111101011111111111101011111011111111111000011111111111111101111111111111000011111111111110001111111111111001111111111011111000000000000101001111111111010101
0000000000001111111111111011100000000000000100100000000001001111000000000000000111111111110110111111111111100111000000001000100011111111101110101111111111111110111111111111101000000000000001100000000000001011111111111110111000000000000110110000000000100000
1111111111110101000000000000100011111111010101110000000000001011000000000101111111111110111011011111111111101011111111111111111100000000011000101111111111111010111111111110110111111111111011001111111111110001000000000010011011111111111010111111111111011101
1111111111100101111111111111011111111111010100011111111100101110000000000011010011111110010010011111111011000010000000001000111011111111111100100000000000000001111111111101010100000000000111011111111111011100111111111110111111111111111100111111111110011011
1111111111101100111111111001110011111111010100100000000010001010111111111000011111111111110011111111111100101011111111111111100111111111111100101111111111111110000000000000111000000000001010110000000000000100111111111110011000000000000000101111111111101010
0000000000001001111111111110010011111111111111100000000000010001111111111110010111111111011110010000000000101110111111111000101100000000010000100000000000000110000000000000111100000000000011010000000000011000000000000001010000000000001100110000000000011101
1111111111110010111111111111010111111111111100011111111101010101111111111110010011111111111011101111111111000100000000000110110011111111110011110000000000000010000000000000110100000000001110000000000000011001111111111110011000000000001000001111111111010001
1111111111101011111111111110100000000000000000010000000001010101000000000011011100000000001011011111111110010010111111111001100111111111110011000000000000011001111111111111110111111111111101110000000000001001111111111110111000000000000010110000000000000100
1111111111110111000000000010001100000000001100100000000000001100111111111101101000000000000001101111111111010100111111111110011011111111111111010000000000010101000000000100001000000000000010001111111111010111111111111101010011111111110011000000000001001110
1111111111101101000000000011101000000000000001000000000000001000111111111010001000000000000110111111111111100001000000001010001111111111111110011111111111111101000000000011001100000000000000011111111110000011000000000000011111111111101011010000000010001010
0000000000000001000000000011011000000000001010001111111111011111000000000000101100000000010000100000000001011000111111111000010100000000000011010000000000010010000000000010000011111111111101001111111111010001111111111110001000000000000101110000000000111000
0000000000001001111111111110011100000000001110000000000000011110000000001000101000000000001001100000000000010011000000000011100111111111110011101111111111011111000000000001011100000000000111001111111101111011000000000000010011111111101100011111111100000011
0000000000010000111111111110001000000000001000010000000000010111000000001101011100000000000101101111111100111001111111111110010011111111110001101111111111100110000000000001000100000000000100001111111011000101000000000010001111111111011110011111111100010000
1111111111111001111111111101100100000000011001011111111111101000111111110111000100000000000111011111111111100100111111111001111111111111111001101111111111111010111111111101010111111111111111101111111101010110111111111111000100000000000101111111111100101001
0000000000000011111111111111010000000000001111010000000000001101111111111100001000000000001011110000000001010011000000000101111111111111111110110000000000001001000000000010101011111111111111111111111111110110000000000011010011111111110010000000000000001111
1111111111110011111111111110100000000000001010110000000000011100000000000000001100000000000011100000000000000110111111110010110011111111111100111111111111011110000000000011101111111111111100111111111110101111000000000110011111111111011000000000000001001010
0000000000001111000000000000111100000000010001101111111111110011000000000111011100000000000011011111111111110111000000000000100000000000000010000000000000000111000000000010110000000000000001101111111111011101111111111110001000000000001101100000000000110011
0000000000000011111111111100111011111111111100111111111111110111000000000011100000000000000101100000000000100000111111111110110100000000010001110000000000000100111111111110111011111111111110100000000000011100111111111011001000000000001110010000000000001010
1111111111110101111111110111001000000000000010111111111111101010000000000011100111111111111110011111111111001000000000000011101011111111110011100000000000000001111111111111000111111111111111010000000000001101111111111100000100000000001010101111111110110101
0000000000010010000000000011101011111111111101011111111110110111111111111111010000000000001001011111111111011100111111111010011011111111101100010000000000001100000000000010010100000000000001011111111111101000111111111110110100000000000011000000000000100001
1111111111110110111111111101011111111111010111000000000000000000111111110101110100000000000001000000000000010000111111111011110000000000010011000000000000000111111111111111101011111111111111000000000000001001111111111111011100000000000000000000000000011111
0000000000001101111111111001010011111111001111000000000000001011111111110100001011111111110011100000000000100000000000000110010111111111110000001111111111110110111111110111011100000000000000111111111111010110000000000100010100000000000000111111111110111100
1111111111101100000000001100000011111111001110111111111110100101000000000001111111111111111000000000000000001101000000000000111011111111110110000000000000010011111111111110011111111111111100101111111111101100000000000000100111111111111110011111111111111110
1111111111111100111111111100011000000000000010011111111111110111000000000010110100000000000001100000000000001100000000000110101000000000010001000000000000000110000000000001101011111111111101101111111111110011000000000000100000000000001001110000000000001111
1111111111100101111111111101000011111111111011111111111111111101000000000000001011111111111101001111111111101111111111101111011111111111110011001111111111101011000000000011010111111111111101111111111111101000000000000100111000000000001001111111111110111010
1111111111111000000000000110110100000000000010101111111111001001111111111001000000000000000011110000000000000111000000000000000111111111110000100000000000000000111111111111000111111111111011100000000000001101111111111110100000000000001010101111111111111000
0000000001101011000000000001001000000000000101100000000000010000111111111111110100000000000110000000000000001111000000000001101111111111111110111111111111111110000000000000101000000000000111011111111111001100111111111101001000000000001011000000000000000001
0000000010000010111111111111111100000000000100111111111111110110111111111110010100000000000000101111111111110000111111111111111011111111111110111111111111011010000000000001110000000000000011011111111111010101111111111101100111111111111011010000000000000011
0000000000000011111111111110110100000000000010101111111111111001111111111111100111111111110111001111111111101110111111111101111000000000000010101111111111011001000000000001000100000000000100001111111111010111000000000000000100000000000001000000000000000001
0000000001100111000000000000111011111111111100010000000000010010000000000001100100000000000110010000000000101110111111111110101111111111111101110000000000011000111111111111001011111111111110101111111111111111000000000000010100000000001000011111111111110100
1111111111011010000000000000000011111111111100101111111111110100000000000001001000000000000001000000000000000000111111111111001111111111111110000000000000001000000000000000010011111111111011100000000000000100111111111111010111111111111001111111111111011011
1111111101101001111111111110101011111111111100111111111111110110000000000000010011111111110110101111111111100111111111111111111000000000000101110000000000100111000000000000111111111111111011010000000000001100111111111111101100000000000001011111111111100000
0000000000000101000000000001101000000000000010110000000000010001111111111110010000000000000111010000000000011111000000000000100011111111111100000000000000100100111111111110010100000000000001100000000000101000000000000001001011111111111110100000000000011010
1111111110001000111111111111111100000000000011101111111111110111111111111111110011111111111111100000000000001110111111111110011011111111111011100000000000101100111111111110101011111111111100110000000000100000000000000001001111111111110011100000000000010100
1111111110110010111111111111110000000000000101111111111111111010000000000001101011111111111010011111111111100111000000000011000100000000000001100000000001001111111111111111110011111111111110000000000000100001111111111111100011111111111011110000000000001111
1111111111111110000000000001100100000000001001100000000000010000000000000001000100000000001110100000000000010100111111111111011011111111111010111111111111111011111111111101111111111111111101111111111111111010000000000001000111111111011110001111111111101100
1111111111111110000000000000101000000000000001100000000000010001000000000100001111111111110111001111111111110111111111111011111100000000000100101111111111110110111111111111011111111111111100111111111111000001000000000000010011111111100000111111111111101000
0000000000001101111111111111011100000000001011011111111111110110111111111101110111111111111111010000000000011111000000000000110100000000000111110000000000000011000000000000001111111111111101000000000000010111111111111111011100000000000111100000000000000111
0000000000001010000000000010000000000000010010011111111111011110000000000001011111111111111011110000000000010000111111111001001111111111110010111111111111111101111111111110000111111111111110111111111111011010000000000100011111111111001110111111111111100100
1111111111111101111111111110011000000000001011001111111111010111111111110100101011111111110110101111111111001011000000000110011011111111111001111111111111101110111111111001011000000000000101101111111111001000000000000000011111111111010011111111111111111100
0000000000001011000000000000000100000000001101011111111110011001111111111011100100000000010001100000000000100000111111111010100000000000000001001111111111110011111111111110101100000000000000011111111111111100111111111110100000000000001100001111111111110001
0000000000000110000000000010100000000000001000010000000000010101111111111100010000000000001000010000000000100111111111111111111011111111111111110000000000000110111111111111010100000000000001101111111111110001000000000010111111111111001011010000000000011010
1111111111110100111111111110100000000000000000110000000000001110000000000011010000000000000100100000000000000011111111111001000000000000000100110000000000000110000000000001100100000000000001111111111111010001000000000001011111111111010100110000000000101111
0000000000001001000000000010100100000000001011011111111111111010000000000001001000000000000100010000000000000100000000000001001000000000000101110000000000001110111111111111110011111111111100000000000000010110111111111110000100000000001110110000000000000000
0000000000000010000000000001101100000000001010010000000000001001000000000100000100000000001011100000000000101010000000000011101100000000000100001111111111111100111111111011010011111111111010110000000000110010111111111110100111111111110000011111111110001110
1111111111101100000000000000000000000000000110000000000000100111000000000011011111111111110011100000000001010111111111110000011100000000000000000000000000001100111111111000111011111111111100000000000000101011111111111111001011111111100100011111111110110101
0000000000000100000000000010000000000000001101101111111111111101111111111111101111111111111011100000000000111000000000001010000000000000000001000000000000000001111111111111110011111111111011000000000001001010111111111101111000000000000100011111111101111100
0000000000000111111111111110111100000000010011010000000000010010111111110111110111111111110001100000000000010001111111111001101111111111110101101111111111011001111111111001000011111111111100110000000000000100000000001101100011111111101101000000000001111111
0000000000000010111111111101111100000000001110110000000000010111111111111110011011111111001011000000000001010000111111111100110111111111110100101111111111010000111111101010000100000000001000110000000000001010000000001001111111111111011100100000000011100010
0000000000000101111111111101110000000000010010101111111111110111000000001011100100000000001100100000000001000011000000000101111011111111111001011111111111100000111111110111101000000000001001100000000000010110111111111110001000000000000100000000000010011011
0000000000000111000000000000111000000000010010010000000000011111000000000000010111111111110111110000000000010000111111110100000011111111111100000000000000011000000000000000010100000000001000010000000000110101000000000001101011111111101100101111111110001001
1111111111100011000000000001010100000000001110110000000000000111000000000011110111111111111010100000000001001000000000001100100000000000000001010000000000101001111111111101101000000000001101100000000001000110000000000000010011111111011110001111111110110101
0000000000010000000000000000001000000000010100001111111111100001111111110111110100000000010001000000000000101000111111111101110100000000000110010000000000001111111111111110110100000000000100000000000001000010111111111101001000000000000111011111111110110110
1111111111010001000000000000010000000000000010101111111111111110000000000000001000000000000000111111111111110000111111111111101100000000000101101111111111001010111111111111000011111111111111011111111111111000111111111101010000000000000011100000000000010110
0000000000011011111111111101111111111111111111001111111111111011111111111100001111111111111111010000000000000010000000000000111111111111111100111111111110110010111111111111001100000000000001100000000000000010111111111110000100000000000010110000000000100100
0000000000010010000000000001110111111111111011010000000000000111111111111110100000000000000001110000000000110101000000000000110011111111111010101111111110110111111111111111101011111111111110010000000000000000000000000000001111111111111111010000000000001101
0000000000011111000000000000000111111111111101000000000000000010000000000011110011111111111101111111111111111011111111111111101100000000001000001111111111101000111111111111111000000000000010111111111111101001000000000001110100000000000001011111111111101111
0000000000100010111111111101100111111111111011001111111111111010000000000011000111111111111101011111111111011111111111111111110111111111111101111111111111001111111111111111101100000000000011111111111111101001000000000000111100000000000000011111111111100000
1111111111101100000000000001111011111111111011000000000000001110111111111110101100000000000001000000000000000000000000000000000011111111111100101111111111100110111111111111110011111111111110001111111111111101000000000000100111111111111111111111111111100110
0000000000000111000000000000100100000000000110101111111111111100111111111101010100000000000001110000000000011011000000000010011100000000000111010000000000101110000000000000011111111111111101010000000000010100000000000001011011111111111100010000000000000111
1111111111101100111111111110010100000000000010101111111111110111000000000000001100000000000010110000000000000110111111111101111111111111111101100000000000011110000000000001100011111111111011100000000000001000000000000000010111111111111101111111111111111010
1111111111100010000000000010001100000000000101010000000000001001000000000001011000000000000100001111111111111100000000000000011011111111111011110000000000100111000000000000110111111111111001000000000000100000111111111110110000000000000000100000000000000100
